50046,5
50046,4
50046,3
50046,2
50046,1
50046,0
50045,5
50045,4
50045,3
50044,5
50044,3
50044,2
50043,4
50042,5
50042,3
50042,2
50041,5
50041,3
50041,2
50040,3
50039,4
50039,3
50039,2
50038,3
50037,3
50036,3
50035,4
50035,3
50034,4
50034,3
50033,9
50033,8
50033,7
50033,6
50033,5
50033,4
50033,3
50033,2
50032,9
50032,8
50032,6
50032,5
50032,4
50032,3
50032,1
50031,5
50031,4
50031,3
4,3
2,95
2,77
2,76
2,75
2,73
2,71
2,70
2,69
2,68
2,67
2,66
2,65
2,64
2,37
2,27
2,26
2,25
2,22
2,21
2,18
2,12
2,11
2,7
2,3
1,6
1,5
1,3
0,541
0,538
0,532
0,531
0,530
0,529
0,528
0,527
0,526
0,525
0,524
0,523
0,522
0,521
0,520
0,519
0,455
0,454
0,410
0,322
0,243
0,9
0,0
0,1
0,310
0,305
0,943
0,928
0,904
0,932
0,456
0,457
0,453
0,497
0,496
0,308
0,304
0,303
0,302
0,307
0,518
0,12
0,573
0,10
0,493
0,8
0,468
0,300
0,908
0,299
0,428
0,298
0,432
0,297
0,905
0,296
0,494
0,295
0,400
0,294
0,399
0,293
0,398
0,292
0,902
0,291
0,315
0,290
0,923
0,289
0,896
0,288
0,473
0,287
0,901
0,286
0,899
0,285
0,492
0,284
0,384
0,283
0,511
0,282
0,510
0,281
0,280
0,414
0,279
0,397
0,278
0,396
0,277
0,427
0,276
0,466
0,275
50046,6
50046,7
50046,10
50046,11
50046,13
50046,14
50046,17
50048,4
50049,2
50050,3
50051,3
50052,2
50053,3
50054,0
50054,4
50054,5
50054,7
50054,8
50054,10
50054,12
50054,13
50054,15
50054,16
50056,0
50056,3
50056,4
50056,6
50056,7
50062,3
50067,3
50067,5
50067,7
50067,8
50068,3
50068,4
50069,3
50072,3
50073,3
50075,3
50075,4
50079,3
50080,0
50080,2
50080,4
50080,6
50080,8
50080,9
50080,11
50080,13
50080,14
50080,17
50081,2
50081,5
50083,3
50084,3
50084,5
50084,6
50087,3
50088,3
50090,3
50091,3
50091,4
50092,3
50092,4
50093,4
50095,3
50095,4
50096,4
50096,5
50096,7
50096,8
50097,2
50097,4
50097,5
50098,5
50100,3
50101,4
50102,4
50102,5
50103,4
50104,3
50107,3
50107,4
50108,3
50109,4
50109,5
50111,3
50123,3
50124,4
50125,4
50126,2
50126,5
50127,2
50127,4
50128,2
50128,3
50129,0
50129,3
50131,3
50131,4
50132,3
50134,4
50135,3
50136,3
50137,3
50137,5
50139,2
50139,3
50141,1
50141,3
50141,5
50141,6
50141,8
50141,10
50141,11
50141,13
50141,14
50141,16
50141,18
50142,3
50143,3
50143,4
50144,3
50144,5
50150,3
50152,3
50153,3
50154,3
50154,4
50155,3
50155,5
50158,3
50160,3
50161,3
50165,0
50165,1
50165,4
50165,6
50165,7
50165,10
50165,12
50165,15
50165,17
50165,18
50165,21
50165,24
50165,27
50165,30
50165,32
50165,35
50165,37
50165,41
50165,43
50165,46
50165,52
50165,53
50165,56
50165,57
50165,61
50165,64
50165,65
50165,70
50165,72
50165,74
50165,75
50165,79
50165,81
50165,82
50165,85
50165,87
50165,92
50165,99
50165,103
50165,106
50165,108
50165,111
50165,114
50165,117
50165,120
50165,122
50165,129
50165,131
50165,134
50165,137
50165,139
50165,142
50165,143
50165,146
50165,150
50165,151
50165,193
50165,195
50165,198
50165,199
50165,205
50165,207
50165,208
50165,210
50165,211
50165,239
50165,259
50165,269
50165,272
50165,273
50165,275
50165,277
50165,297
50167,2
50167,3
50169,3
50170,3
50171,2
50171,4
50172,0
50172,2
50172,3
50172,5
50172,6
50172,8
50172,10
50172,11
50172,13
50172,14
50172,16
50172,18
50172,19
50172,21
50172,22
50172,24
50173,2
50173,4
50175,2
50175,3
50176,3
50177,2
50177,4
50179,3
50179,4
50180,3
50181,2
50181,4
50182,4
50182,5
50183,3
50183,4
50184,2
50184,3
50185,3
50186,3
50187,3
50188,2
50188,3
50190,3
50191,2
50191,3
50192,2
50192,3
50193,3
50193,4
50193,6
50194,4
50195,2
50195,4
50195,5
50195,7
50196,3
50196,4
50197,4
50197,5
50198,3
50198,4
50199,4
50200,4
50201,3
50203,3
50203,4
50204,4
50206,2
50207,2
50208,4
50209,3
50210,3
50211,2
50211,3
50212,3
50212,4
50212,6
50212,7
50212,9
50212,11
50212,12
50212,14
50212,15
50213,3
50214,2
50214,3
50214,5
50215,2
50215,4
50216,3
50217,4
50219,3
50219,4
50219,7
50219,8
50222,4
50223,4
50224,3
50225,4
50226,3
50228,2
50228,3
50230,3
50231,3
50232,3
50235,3
50239,3
50239,5
50240,2
50240,3
50240,5
50240,6
50240,8
50240,14
50240,15
50240,17
50240,18
50241,3
50242,2
50243,3
50244,3
50244,4
50246,3
50247,3
50248,3
50248,5
50249,2
50250,2
50250,3
50251,3
50252,2
50253,2
50253,4
50254,2
50254,4
50255,3
50257,3
50259,3
50259,4
50260,3
50261,2
50261,4
50262,2
50263,0
50263,3
50263,4
50263,47
50263,55
50263,68
50263,72
50263,73
50263,80
50263,82
50263,88
50263,93
50263,103
50263,108
50263,110
50263,115
50263,117
50263,121
50263,127
50263,135
50263,137
50263,140
50263,144
50263,148
50263,155
50263,158
50263,166
50263,169
50263,170
50263,173
50263,179
50263,182
50263,185
50263,187
50263,190
50263,199
50263,200
50263,259
50263,261
50263,267
50263,272
50263,277
50263,289
50263,290
50263,302
50263,305
50263,310
50263,313
50263,315
50263,318
50263,320
50263,323
50263,325
50263,330
50263,333
50263,335
50263,338
50263,341
50263,345
50263,351
50263,357
50263,361
50263,362
50263,368
50263,375
50263,376
50263,380
50263,382
50263,390
50263,391
50263,395
50263,399
50263,400
50263,405
50263,409
50263,414
50263,426
50263,428
50263,432
50263,433
50263,439
50263,440
50263,444
50263,447
50263,456
50263,461
50263,464
50263,468
50263,473
50263,475
50263,479
50263,489
50263,491
50263,493
50263,498
50263,502
50263,504
50263,507
50263,510
50263,518
50263,523
50263,526
50263,533
50263,535
50263,538
50263,539
50263,545
50263,553
50263,558
50263,567
50263,568
50263,573
50263,592
50263,595
50263,608
50263,628
50263,635
50263,647
50263,648
50263,655
50263,658
50263,660
50263,662
50263,670
50263,681
50263,682
50263,686
50263,691
50263,697
50263,699
50263,702
50263,713
50263,715
50263,721
50263,722
50263,726
50263,739
50263,740
50263,747
50263,750
50263,753
50263,757
50263,758
50263,761
50263,764
50263,775
50263,777
50263,780
50263,785
50263,791
50263,798
50263,805
50263,812
50263,816
50263,822
50263,829
50263,830
50263,851
50263,855
50263,857
50263,862
50263,863
50263,876
50263,879
50263,884
50263,889
50263,895
50263,921
50263,935
50263,938
50263,970
50263,971
50263,976
50263,977
50263,980
50263,983
50263,988
50263,999
50263,1001
50263,1008
50263,1016
50263,1019
50263,1031
50263,1032
50263,1036
50263,1037
50263,1041
50263,1046
50263,1052
50263,1067
50263,1074
50263,1078
50263,1081
50263,1085
50263,1101
50263,1102
50263,1105
50263,1110
50263,1115
50263,1119
50263,1130
50263,1136
50263,1138
50263,1145
50263,1147
50263,1171
50263,1175
50263,1176
50263,1183
50263,1185
50263,1191
50263,1197
50263,1204
50263,1213
50263,1225
50263,1232
50263,1249
50263,1275
50263,1290
50263,1293
50263,1300
50263,1301
50263,1305
50263,1311
50263,1320
50263,1324
50263,1331
50263,1337
50263,1338
50263,1351
50263,1363
50263,1367
50263,1371
50263,1374
50263,1381
50263,1394
50263,1396
50263,1399
50263,1402
50263,1406
50263,1413
50263,1419
50263,1424
50263,1428
50263,1434
50263,1438
50263,1449
50263,1454
50263,1455
50263,1462
50263,1466
50263,1470
50263,1481
50263,1483
50263,1486
50263,1488
50263,1491
50263,1494
50263,1498
50263,1501
50263,1503
50263,1510
50263,1514
50263,1518
50263,1524
50263,1526
50263,1530
50263,1532
50263,1535
50263,1542
50263,1545
50263,1551
50263,1553
50263,1559
50263,1562
50263,1565
50263,1577
50263,1579
50263,1583
50263,1584
50263,1590
50263,1591
50263,1596
50263,1599
50263,1602
50263,1622
50263,1642
50263,1663
50263,1670
50263,1672
50263,1676
50263,1678
50263,1684
50263,1689
50263,1692
50263,1695
50263,1699
50263,1702
50263,1707
50263,1711
50263,1716
50263,1719
50263,1722
50263,1726
50263,1736
50263,1740
50263,1743
50263,1751
50263,1753
50263,1765
50263,1767
50263,1771
50263,1776
50263,1780
50263,1788
50263,1790
50263,1801
50263,1806
50263,1807
50263,1811
50263,1812
50263,1817
50263,1819
50263,1827
50263,1831
50263,1833
50263,1840
50263,1843
50263,1846
50263,1852
50263,1853
50263,1861
50263,1865
50263,1870
50263,1873
50263,1878
50263,1883
50263,1894
50263,1899
50263,1904
50263,1909
50263,1912
50263,1915
50263,1946
50263,1955
50263,1966
50263,1987
50263,1989
50263,1995
50263,1998
50263,2003
50263,2004
50263,2023
50263,2031
50263,2032
50263,2039
50263,2043
50263,2056
50263,2061
50263,2064
50263,2070
50263,2076
50263,2088
50263,2091
50263,2103
50263,2109
50263,2111
50263,2126
50263,2127
50263,2132
50263,2137
50263,2139
50263,2147
50263,2149
50263,2160
50263,2162
50263,2168
50263,2171
50263,2174
50263,2182
50263,2185
50263,2191
50263,2199
50263,2201
50263,2206
50263,2212
50263,2218
50263,2222
50263,2224
50263,2234
50263,2244
50263,2253
50263,2275
50263,2291
50263,2312
50263,2313
50263,2319
50263,2323
50263,2490
50264,1
50264,2
50264,4
50264,6
50264,9
50264,10
50264,13
50264,15
50264,16
50264,18
50264,19
50264,22
50264,25
50264,26
50264,30
50264,32
50264,34
50264,35
50264,37
50264,40
50264,41
50264,43
50264,45
50264,47
50264,49
50264,50
50264,54
50264,58
50264,65
50264,66
50264,68
50264,70
50264,71
50264,73
50264,74
50264,76
50264,78
50264,79
50264,81
50264,82
50264,84
50264,86
50264,87
50264,89
50264,90
50264,92
50264,93
50264,95
50264,97
50264,98
50264,100
50264,101
50264,103
50264,105
50264,106
50264,108
50264,109
50264,111
50264,112
50264,114
50264,116
50264,117
50264,119
50264,120
50264,122
50264,124
50264,125
50264,127
50264,131
50264,200
50264,203
50264,212
50264,214
50264,215
50264,257
50264,258
50264,260
50264,262
50264,263
50264,265
50264,266
50264,268
50264,270
50264,271
50264,273
50264,274
50264,276
50264,277
50264,279
50264,319
50265,3
50266,3
50267,3
50268,3
50269,3
50270,3
50272,3
50272,4
50273,4
50274,3
50275,3
50276,4
50276,5
50276,7
50276,8
50277,1
50277,3
50278,0
50278,2
50278,3
50278,5
50278,6
50280,1
50280,3
50280,4
50280,6
50280,7
50280,9
50280,11
50280,12
50280,14
50280,15
50280,17
50280,18
50280,20
50281,0
50281,1
50281,3
50282,0
50282,2
50283,0
50283,1
50283,3
50284,0
50284,2
50285,0
50285,1
50285,3
50285,4
50286,1
50286,2
50287,0
50287,2
50287,3
50288,1
50288,2
50288,4
50289,1
50289,2
50289,4
50289,5
50290,0
50290,1
50290,3
50290,5
50290,6
50291,1
50291,2
50291,4
50291,6
50292,0
50292,2
50292,3
50292,5
50293,0
50293,2
50294,0
50294,1
50294,3
50295,0
50295,2
50296,0
50296,1
50296,3
50296,4
50297,0
50297,2
50297,3
50298,0
50298,1
50298,3
50298,4
50299,0
50299,2
50300,0
50300,2
50300,3
50301,1
50301,3
50302,0
50302,2
50302,3
50302,5
50302,6
50303,1
50303,3
50304,0
50304,2
50304,3
50305,0
50305,2
50305,3
50305,5
50306,0
50306,2
50306,3
50306,5
50307,1
50307,2
50308,0
50308,1
50308,3
50308,5
50309,0
50309,2
50309,3
50310,0
50310,2
50310,3
50310,5
50311,0
50311,2
50311,3
50312,1
50312,3
50312,4
50313,1
50313,2
50313,4
50314,1
50314,2
50314,4
50314,5
50314,7
50315,0
50315,2
50316,0
50316,1
50316,3
50317,0
50317,2
50318,0
50318,1
50318,3
50319,0
50319,2
50319,3
50320,1
50320,3
50321,0
50321,2
50321,3
50322,1
50322,3
50323,0
50323,2
50323,3
50324,1
50324,2
50325,0
50325,2
50325,3
50326,1
50326,2
50327,0
50327,2
50327,3
50328,1
50328,2
50331,0
50331,2
50331,3
50332,1
50332,2
50332,4
51228,0
51228,2
51228,4
51228,5
51228,7
51228,8
51228,10
51228,12
51228,13
51228,15
51228,16
51228,18
51228,19
51228,21
51228,23
51229,0
51229,2
51229,3
51229,5
51229,7
51229,8
51230,1
51230,2
51230,4
51231,0
51231,2
51232,0
51232,1
51232,3
51232,4
51232,6
51232,8
51232,9
51232,11
51232,12
51232,14
51232,16
51232,17
51232,19
51232,20
51232,22
51232,23
51232,25
51232,27
51232,28
51232,30
51232,31
51232,33
51233,1
51233,2
51233,4
51234,0
51234,2
51234,3
51234,5
51234,7
51234,8
51234,10
51234,11
51234,13
51234,15
51234,16
51235,1
51235,2
51235,4
51235,5
51235,7
51235,9
51235,10
51235,12
51235,13
51236,0
51236,2
51236,3
51236,5
51236,6
51236,8
51236,9
51236,11
51236,13
51237,0
51237,2
51237,3
51237,5
51238,0
51238,1
51238,3
51238,4
51239,1
51239,3
51239,4
51240,0
51240,1
51240,3
51240,4
51240,6
52053,0
52053,1
52053,3
52055,0
52055,2
52056,0
52056,1
52056,3
52057,0
52057,2
52057,3
52058,1
52058,3
52059,0
52059,2
52059,3
52060,1
52060,3
52061,0
52061,2
52061,3
52062,1
52062,2
52063,0
52063,2
52063,3
52064,1
52064,2
52065,0
52065,2
52065,3
52066,1
52066,2
52068,0
52068,2
52068,3
50081,3
50081,6
50082,3
52068,4
52068,1
52066,3
52066,0
52065,1
52064,3
52064,0
52063,1
52062,3
52062,0
52061,1
52060,2
52060,0
52059,1
52058,2
52058,0
52057,1
52056,2
52055,3
52055,1
52053,2
51240,7
51240,5
51240,2
51239,5
51239,2
51239,0
51238,2
51237,6
51237,4
51237,1
51236,12
51236,10
51236,7
51236,4
51236,1
51235,14
51235,11
51235,8
51235,6
51235,3
51235,0
51234,14
51234,12
51234,9
51234,6
51234,4
51234,1
51233,3
51233,0
51232,32
51232,29
51232,26
51232,24
51232,21
51232,18
51232,15
51232,13
51232,10
51232,7
51232,5
51232,2
51231,3
51231,1
51230,3
51230,0
51229,6
51229,4
51229,1
51228,22
51228,20
51228,17
51228,14
51228,11
51228,9
51228,6
51228,3
51228,1
50332,3
50332,0
50331,1
50328,3
50328,0
50327,1
50326,3
50326,0
50325,1
50324,3
50324,0
50323,1
50322,2
50322,0
50321,1
50320,2
50320,0
50319,1
50318,2
50317,3
50317,1
50316,2
50315,3
50315,1
50314,6
50314,3
50314,0
50313,3
50313,0
50312,2
50312,0
50311,1
50310,4
50310,1
50309,4
50309,1
50308,4
50308,2
50307,3
50307,0
50306,4
50306,1
50305,4
50305,1
50304,4
50304,1
50303,2
50303,0
50302,4
50302,1
50301,2
50301,0
50300,1
50299,1
50298,5
50298,2
50297,4
50297,1
50296,5
50296,2
50295,3
50295,1
50294,2
50293,3
50293,1
50292,4
50292,1
50291,5
50291,3
50291,0
50290,4
50290,2
50289,6
50289,3
50289,0
50288,3
50288,0
50287,1
50286,3
50286,0
50285,2
50284,3
50284,1
50283,2
50282,3
50282,1
50281,2
50280,21
50280,19
50280,16
50280,13
50280,10
50280,8
50280,5
50280,2
50280,0
50278,4
50278,1
50277,2
50277,0
50276,6
50276,3
50274,4
50273,3
50272,2
50268,6
50267,4
50265,4
50264,280
50264,278
50264,275
50264,272
50264,269
50264,267
50264,264
50264,261
50264,259
50264,256
50264,213
50264,211
50264,199
50264,126
50264,123
50264,121
50264,118
50264,115
50264,113
50264,110
50264,107
50264,104
50264,102
50264,99
50264,96
50264,94
50264,91
50264,88
50264,85
50264,83
50264,80
50264,77
50264,75
50264,72
50264,69
50264,67
50264,64
50264,52
50264,48
50264,46
50264,42
50264,38
50264,36
50264,33
50264,27
50264,23
50264,21
50264,17
50264,14
50264,11
50264,7
50264,3
50264,0
50263,2324
50263,2318
50263,2310
50263,2285
50263,2248
50263,2230
50263,2221
50263,2215
50263,2202
50263,2193
50263,2188
50263,2180
50263,2169
50263,2165
50263,2152
50263,2141
50263,2135
50263,2130
50263,2123
50263,2106
50263,2096
50263,2078
50263,2065
50263,2060
50263,2045
50263,2038
50263,2026
50263,2021
50263,2000
50263,1993
50263,1971
50263,1956
50263,1916
50263,1910
50263,1906
50263,1896
50263,1879
50263,1877
50263,1866
50263,1855
50263,1847
50263,1844
50263,1837
50263,1829
50263,1820
50263,1814
50263,1810
50263,1804
50263,1800
50263,1787
50263,1774
50263,1769
50263,1764
50263,1744
50263,1737
50263,1734
50263,1720
50263,1715
50263,1708
50263,1701
50263,1694
50263,1688
50263,1682
50263,1674
50263,1667
50263,1658
50263,1610
50263,1598
50263,1594
50263,1586
50263,1581
50263,1566
50263,1563
50263,1554
50263,1550
50263,1543
50263,1534
50263,1528
50263,1519
50263,1515
50263,1507
50263,1499
50263,1495
50263,1490
50263,1485
50263,1479
50263,1469
50263,1458
50263,1453
50263,1445
50263,1429
50263,1423
50263,1414
50263,1403
50263,1398
50263,1389
50263,1375
50263,1370
50263,1354
50263,1343
50263,1335
50263,1321
50263,1306
50263,1303
50263,1298
50263,1289
50263,1252
50263,1231
50263,1210
50263,1196
50263,1189
50263,1179
50263,1172
50263,1149
50263,1143
50263,1134
50263,1129
50263,1112
50263,1104
50263,1094
50263,1082
50263,1075
50263,1055
50263,1049
50263,1040
50263,1034
50263,1025
50263,1018
50263,1006
50263,990
50263,986
50263,979
50263,974
50263,965
50263,937
50263,914
50263,887
50263,882
50263,872
50263,860
50263,853
50263,846
50263,823
50263,813
50263,806
50263,796
50263,784
50263,778
50263,767
50263,760
50263,755
50263,752
50263,743
50263,732
50263,725
50263,718
50263,709
50263,698
50263,694
50263,684
50263,679
50263,669
50263,659
50263,653
50263,642
50263,634
50263,597
50263,575
50263,571
50263,562
50263,552
50263,543
50263,536
50263,531
50263,520
50263,515
50263,506
50263,500
50263,496
50263,490
50263,476
50263,470
50263,465
50263,460
50263,446
50263,442
50263,436
50263,430
50263,424
50263,412
50263,404
50263,397
50263,394
50263,383
50263,379
50263,370
50263,367
50263,359
50263,346
50263,342
50263,336
50263,332
50263,326
50263,322
50263,317
50263,311
50263,306
50263,296
50263,284
50263,276
50263,266
50263,258
50263,194
50263,189
50263,184
50263,176
50263,172
50263,167
50263,156
50263,145
50263,141
50263,136
50263,125
50263,118
50263,111
50263,106
50263,94
50263,87
50263,79
50263,70
50263,58
50263,25
50263,1
50262,3
50261,3
50260,2
50258,3
50256,3
50254,3
50253,3
50252,3
50251,2
50249,3
50248,4
50248,2
50245,3
50244,2
50242,3
50241,2
50240,16
50240,13
50240,7
50240,4
50240,1
50239,4
50233,3
50230,4
50229,3
50227,3
50225,3
50223,3
50222,3
50219,5
50219,2
50217,3
50215,3
50214,4
50213,4
50212,16
50212,13
50212,10
50212,8
50212,5
50212,2
50210,4
50210,2
50208,3
50205,3
50204,3
50202,2
50200,3
50199,3
50197,6
50197,3
50195,8
50195,6
50195,3
50194,3
50193,5
50193,2
50191,4
50190,4
50189,3
50187,4
50186,2
50185,2
50183,5
50183,2
50182,3
50181,3
50179,5
50178,3
50177,3
50176,2
50174,3
50173,3
50172,23
50172,20
50172,17
50172,15
50172,12
50172,9
50172,7
50172,4
50172,1
50171,3
50170,4
50168,3
50166,3
50165,296
50165,274
50165,270
50165,240
50165,213
50165,209
50165,206
50165,202
50165,197
50165,153
50165,148
50165,145
50165,140
50165,135
50165,132
50165,123
50165,118
50165,115
50165,109
50165,104
50165,93
50165,88
50165,84
50165,80
50165,77
50165,73
50165,66
50165,63
50165,60
50165,54
50165,47
50165,44
50165,39
50165,34
50165,29
50165,26
50165,20
50165,16
50165,13
50165,9
50165,5
50165,3
50163,3
50159,2
50155,4
50154,5
50154,2
50151,3
50149,2
50143,6
50143,2
50141,17
50141,15
50141,12
50141,9
50141,7
50141,4
50140,3
50137,6
50137,4
50135,4
50133,3
50132,2
50130,3
50128,4
50128,1
50127,3
50126,3
50125,3
50124,3
50110,3
50109,3
50107,5
50105,3
50103,3
50102,3
50101,3
50098,3
50097,3
50096,9
50096,6
50096,3
50094,3
50093,3
50091,5
50090,4
50089,3
50086,8
50084,4
50083,2
50081,4
50080,16
50080,12
50080,10
50080,7
50080,3
50080,1
50076,3
50073,4
50071,3
50068,5
50067,9
50067,6
50067,4
50057,3
50056,5
50056,1
50055,3
50054,14
50054,11
50054,9
50054,6
50054,3
50052,3
50051,4
50049,3
50048,3
50046,15
50046,12
50046,9
0,918
0,274
0,571
